[],
[7.286668624295761454e+00, 6.188322730874405764e+00, 5.261313414160342816e+00, 4.813804650930848084e+00, 4.846254177390325601e+00, 4.928120517923108679e+00, 5.110628872465769135e+00, 4.972703492092898081e+00, 5.104121176992391540e+00, 5.047996496430074309e+00, 5.049501916797716206e+00, 4.972665288182120058e+00, 5.137493630015012691e+00, 5.247234809997560312e+00, 5.731357695858214640e+00],
[6.222726552219799423e+00, 6.355200195538980523e+00, 5.592861929227797901e+00, 4.965898420667410385e+00, 4.593947561127387225e+00, 4.618380428753004807e+00, 4.559983249040277187e+00, 4.647741335784619565e+00, 4.734766900657366051e+00, 4.709230721526005858e+00, 4.746862685045726060e+00, 4.817993885350151828e+00, 4.895244911128163956e+00, 5.104074127275255890e+00, 5.425696186536110410e+00],
[1.149276954358194303e+01, 6.950008622509002087e+00, 3.789078716475736019e+00, 3.822899114287794831e+00, 3.825160927584695170e+00, 3.925480714904737489e+00, 4.062455440517886096e+00, 4.033021711769053219e+00, 4.303809246110916753e+00, 4.725029214791585552e+00, 4.976262344758877632e+00, 5.399389045252785735e+00, 5.616748615195561456e+00, 6.092293093496623513e+00, 6.674583280583751943e+00],
[1.322292410839044585e+01, 7.493369872956865407e+00, 5.069112290793458264e+00, 5.375087603161272654e+00, 5.068803979686340000e+00, 4.845116805284191308e+00, 4.965912247567180415e+00, 5.227710146093220267e+00, 5.808021060382837497e+00, 6.145419799341554246e+00, 6.178541241400212769e+00, 6.208369330504670991e+00, 6.411527603499252770e+00, 6.865318843728352327e+00, 7.238730581419275723e+00],
[1.399008021310209138e+01, 8.412427176272634810e+00, 6.316221081138832183e+00, 6.901079025981870174e+00, 6.671288150424958374e+00, 6.338879584539180101e+00, 6.310612002899705253e+00, 6.158847140121669561e+00, 5.936086000325309087e+00, 5.974853076961812448e+00, 6.191452165526021290e+00, 6.302446620380608877e+00, 6.713104888818222094e+00, 7.064212864325383201e+00, 7.266301046848555600e+00],
[1.296535757482220497e+01, 1.015793838554453998e+01, 1.012086172905775427e+01, 9.904754207193757765e+00, 9.474583963547313914e+00, 9.503765775264145788e+00, 9.538079755101183110e+00, 9.682263797336805311e+00, 9.673029888569622869e+00, 9.720033605957080880e+00, 9.481597138503030209e+00, 9.252176689582645608e+00, 9.341815542032877673e+00, 9.492645775113203399e+00, 9.657698964216805848e+00],
[1.163938877283649376e+01, 9.464643295204977491e+00, 1.006711246545269134e+01, 1.044292278560415355e+01, 1.033453286019951634e+01, 1.029746898153433854e+01, 1.024878478089102174e+01, 1.011987141385173672e+01, 9.998504271606449834e+00, 9.974580314522679458e+00, 9.821220613669742860e+00, 9.975826079756643594e+00, 1.022619662886315339e+01, 1.068024265113605686e+01, 1.105146386100367728e+01],
[1.198646429637759958e+01, 9.961727265084961758e+00, 1.058679147449905678e+01, 1.071968932131252217e+01, 1.048717428816468455e+01, 1.030385517460335976e+01, 1.028099643148885356e+01, 1.034847494820489189e+01, 1.039201385587929671e+01, 1.061475104074391851e+01, 1.071362084354512589e+01, 1.099939899780413022e+01, 1.144249443389244014e+01, 1.172876333131877757e+01, 1.212402573229997849e+01],
[1.320144205301844309e+01, 1.062429762279809076e+01, 1.011432786428976627e+01, 1.011316636261457980e+01, 1.000830360630071425e+01, 1.016318481843081045e+01, 1.054280680053829045e+01, 1.077583728416845155e+01, 1.102297115676767447e+01, 1.098475840239842327e+01, 1.070187625607728776e+01, 1.068059993922534900e+01, 1.079036248398540820e+01, 1.119742616111521194e+01, 1.152225840218803476e+01],
[1.357671492964433391e+01, 9.923407894323696965e+00, 9.110633108982900907e+00, 9.675232948553105672e+00, 1.014480103754114637e+01, 1.030755228571678650e+01, 1.015674997291133153e+01, 9.955398041479911697e+00, 9.858222650289091504e+00, 9.865516606920182952e+00, 1.018910249849788663e+01, 1.075440217074224414e+01, 1.135169024805441929e+01, 1.211311021263566801e+01, 1.257115260221323538e+01],
[1.420218166208538513e+01, 1.045310557144564889e+01, 9.254446194736109632e+00, 9.507813199441947916e+00, 9.547684205552284809e+00, 9.268452961009465696e+00, 9.058048852136838747e+00, 8.925607953894054702e+00, 8.817929853875188684e+00, 8.813773960142384567e+00, 9.566979700998496483e+00, 1.043922529607286442e+01, 1.115633967972823903e+01, 1.215055452075874420e+01, 1.253071518904788562e+01],
[1.542721471051009097e+01, 1.222315519311286636e+01, 1.182985658445341670e+01, 1.261286586019639877e+01, 1.287341006487998740e+01, 1.182640100595713051e+01, 1.169678711126175052e+01, 1.187794200826878743e+01, 1.170951803983771633e+01, 1.157661892753010235e+01, 1.217588985729190298e+01, 1.277056879468613282e+01, 1.298778619037931925e+01, 1.403150206344887785e+01, 1.430156703513895877e+01],
[1.520177876315661081e+01, 1.255396516768548842e+01, 1.148898759698637662e+01, 1.245639595738716388e+01, 1.283571415368146695e+01, 1.178837519712128135e+01, 1.153503128140190626e+01, 1.141098226556180961e+01, 1.169609743228173748e+01, 1.195600635491226882e+01, 1.246845854051796998e+01, 1.265944586240405023e+01, 1.294696019483553684e+01, 1.405022313104263532e+01, 1.398377439219162000e+01],
[1.548937150996751377e+01, 1.271517357591173969e+01, 1.139073171822060360e+01, 1.209676925353820565e+01, 1.252277569997614037e+01, 1.181903891669183615e+01, 1.200069087394632916e+01, 1.197172569472403403e+01, 1.154204084715996004e+01, 1.190555285081449632e+01, 1.244053481983413434e+01, 1.250465220922589715e+01, 1.273835247313514429e+01, 1.345108167825863887e+01, 1.377640273085810740e+01],
[1.560750248845418930e+01, 1.182129760985778866e+01, 1.114520254304939151e+01, 1.188283245879660299e+01, 1.234741832871065448e+01, 1.240363140302228118e+01, 1.246344646967970249e+01, 1.186704556855528558e+01, 1.182471179039792730e+01, 1.197523078119053608e+01, 1.229366514916924125e+01, 1.255157673146142372e+01, 1.289233096505268783e+01, 1.349687490194341954e+01, 1.378171974757912110e+01],
[1.550477521004400749e+01, 1.194260282173696375e+01, 1.120092687631478690e+01, 1.211157118062989468e+01, 1.239156596716742698e+01, 1.274711324083283159e+01, 1.255944679643404349e+01, 1.230489997620647635e+01, 1.233601799052070724e+01, 1.187370991828170297e+01, 1.201355521816218008e+01, 1.282539098259325883e+01, 1.316209747244972483e+01, 1.378991698968482638e+01, 1.394202175638105423e+01],
[]],
[