[],
[-9.921779295944855903e+01, -9.504090236890817778e+01, -8.973951395087387084e+01, -8.813558030370704444e+01, -8.830461164898035520e+01, -8.856550378896328368e+01, -8.888497280347849028e+01, -8.919695596459642672e+01, -8.920588392858408611e+01, -8.911086566631610140e+01, -8.906545378265602153e+01, -8.904514218622436772e+01, -8.914320796529163715e+01, -8.955490017075669584e+01, -8.991511852336380173e+01],
[-9.075273659405756632e+01, -8.522021021517683437e+01, -7.967333662146580764e+01, -7.790902755360818333e+01, -7.802522402404873958e+01, -7.837438814249024688e+01, -7.870837898420491285e+01, -7.894293338570781771e+01, -7.885325426563987605e+01, -7.910064233854650695e+01, -7.926168331594702465e+01, -7.943693163225370313e+01, -7.991612965621173714e+01, -8.026557460613278749e+01, -8.086238828418217395e+01],
[-8.412980505689999688e+01, -6.861726509503944271e+01, -6.160314973518360659e+01, -6.338417906408213298e+01, -6.599926225194391805e+01, -6.798213181959354756e+01, -6.950867571228647535e+01, -7.063717526240688471e+01, -7.091154763452892951e+01, -7.082058905724690590e+01, -7.097939856408815729e+01, -7.131390446744566702e+01, -7.197601356561713715e+01, -7.263725258615436076e+01, -7.344943545691680242e+01],
[-8.202547463138840556e+01, -6.726231416943110730e+01, -5.978254379139583108e+01, -6.155418878231408542e+01, -6.529390954625277743e+01, -6.734430237812989617e+01, -6.786520803753280973e+01, -6.780727952312142293e+01, -6.755405051753206180e+01, -6.708668832543627047e+01, -6.696780552746422188e+01, -6.702466487469278889e+01, -6.764758838935929930e+01, -6.841865509653298716e+01, -6.933185566873093819e+01],
[-8.036808947381848611e+01, -6.402168821492631423e+01, -5.607803683564694097e+01, -5.880026675308737083e+01, -6.428195743533107986e+01, -6.832104446233962847e+01, -7.112860491659887430e+01, -7.360626133778963265e+01, -7.552907670218989722e+01, -7.663933951899690555e+01, -7.728362021148637950e+01, -7.783980912982292466e+01, -7.859137361523721665e+01, -7.903635458537905834e+01, -7.949150355633872778e+01],
[-8.586243808009973577e+01, -7.212140651088321874e+01, -6.461985399553495313e+01, -6.482037816926599305e+01, -6.638747799102384306e+01, -6.699520312615160833e+01, -6.709673100597453299e+01, -6.718971215346381598e+01, -6.749734921171634028e+01, -6.796173379729205521e+01, -6.862869039571509688e+01, -6.960827156698063334e+01, -7.095992656093204687e+01, -7.243919977705779445e+01, -7.385276274549597986e+01],
[-9.252242135655551181e+01, -8.193151522720846458e+01, -7.508731863079984237e+01, -7.333493310515869723e+01, -7.292675932398381633e+01, -7.279851943903287292e+01, -7.268202527825475556e+01, -7.286110524480677952e+01, -7.331530379141709375e+01, -7.410264474456299411e+01, -7.514087227986063056e+01, -7.653645959198041737e+01, -7.808035902291838681e+01, -7.972187457479135730e+01, -8.124538866771149515e+01],
[-9.631140203157599444e+01, -8.653365892318925034e+01, -8.058126815552289202e+01, -7.914875455172557395e+01, -7.901523831482376181e+01, -7.861658513770913714e+01, -7.815832889374178194e+01, -7.778380431353785696e+01, -7.776296050316709341e+01, -7.808189126888103715e+01, -7.881516162888924271e+01, -7.998609873933612846e+01, -8.121702075177594793e+01, -8.286320603014941355e+01, -8.452704968611629965e+01],
[-9.898570150699255521e+01, -8.902490052775478091e+01, -8.325490185276690625e+01, -8.206026553415594549e+01, -8.217173439878510521e+01, -8.206777378851859339e+01, -8.179553940749480034e+01, -8.158620012723483228e+01, -8.159113950687846284e+01, -8.194551992762417569e+01, -8.271591833194904098e+01, -8.379262108657459862e+01, -8.527125165078393820e+01, -8.693087593045393646e+01, -8.870130569391568542e+01],
[-9.731649517286325590e+01, -8.746131300130326736e+01, -8.236929510639782848e+01, -8.149582732467762014e+01, -8.243119718443672639e+01, -8.343588395250206702e+01, -8.419934852721901564e+01, -8.490606780806542986e+01, -8.560293743537714306e+01, -8.626958993765023820e+01, -8.705041088663442395e+01, -8.810765681938093508e+01, -8.930487206158686320e+01, -9.074024863166975763e+01, -9.222308047312610313e+01],
[-9.826397040689631979e+01, -8.894941416326558681e+01, -8.401177968549797015e+01, -8.338197573591213541e+01, -8.433952176518987187e+01, -8.555004024644028959e+01, -8.656682861283832153e+01, -8.752681908240684550e+01, -8.855826101316941390e+01, -8.962059532575233334e+01, -9.101209611159104895e+01, -9.245796829245779236e+01, -9.387190102077533993e+01, -9.542288815923284062e+01, -9.662643739896866180e+01],
[-9.758806770114317430e+01, -8.834228202808751007e+01, -8.355351584535551979e+01, -8.284117575480733819e+01, -8.438225965679816909e+01, -8.553290120472236424e+01, -8.683410727579811805e+01, -8.788557754649478682e+01, -8.858780119830881006e+01, -8.931116247523159757e+01, -9.036820358807878506e+01, -9.214134288837671249e+01, -9.370903188985040799e+01, -9.552278440057452258e+01, -9.680801415962473300e+01],
[-9.765616042935796770e+01, -8.873693786753970869e+01, -8.364011382502982883e+01, -8.329731536222992361e+01, -8.454096060809618507e+01, -8.573168055585576042e+01, -8.697410164931342536e+01, -8.778545989215113821e+01, -8.855834913322991042e+01, -8.963302993220756321e+01, -9.094887374412857639e+01, -9.237594458880376180e+01, -9.429281322772686735e+01, -9.624319595868425381e+01, -9.695342280660554479e+01],
[-9.815158038423092535e+01, -8.933801628854693888e+01, -8.410716047688389096e+01, -8.340456175561912744e+01, -8.445557337679261423e+01, -8.543481285305604445e+01, -8.658629289801477569e+01, -8.749824951349044966e+01, -8.807287346849594201e+01, -8.953565821765296562e+01, -9.124960318289923578e+01, -9.246335969988597014e+01, -9.420965479835543022e+01, -9.559263646827554339e+01, -9.662376084348460381e+01],
[-9.828051817053807326e+01, -8.904106305680184619e+01, -8.426504379294607361e+01, -8.347032146703003264e+01, -8.486687533152985452e+01, -8.609704697806880347e+01, -8.698791094200012708e+01, -8.745210689660945036e+01, -8.841204860559915346e+01, -8.972669369458114375e+01, -9.148092522918744862e+01, -9.288640740647890937e+01, -9.457704844149519374e+01, -9.601775870579247396e+01, -9.699619168640047917e+01],
[-9.812028448052261353e+01, -8.886189397360659825e+01, -8.393420566841203367e+01, -8.361577577964661145e+01, -8.467248749975196631e+01, -8.585780364370138784e+01, -8.655090891778556283e+01, -8.710252166659461182e+01, -8.824202473589228646e+01, -8.932932631959070591e+01, -9.117467536427977848e+01, -9.287102187423816702e+01, -9.428779325775899167e+01, -9.571418749472918819e+01, -9.688136771524592916e+01],
[]],
[