0,-87.8661880493164,-97.98309326171875,-91.5343017578125,-94.28510284423828,-83.56562042236328,-89.84017181396484,-99.58717346191406,-92.03589630126953,-107.04704284667969,-113.0986328125,-120.42557525634766,-106.08175659179688,-104.56234741210938,-103.07667541503906,-77.25357055664062,-79.30862426757812,-85.276123046875,-78.93466186523438,-84.8904037475586,-86.2031478881836,-87.03533935546875,-87.356689453125,-82.18384552001953,-79.35428619384766,-88.4632797241211,-92.16822052001953,-89.00968933105469,-90.20280456542969,-95.36958312988281
0,-72.65851593017578,-83.00242614746094,-86.69558715820312,-79.17974090576172,-66.6576156616211,-76.5093765258789,-82.6937026977539,-87.626708984375,-95.56439971923828,-102.0499267578125,-97.2966079711914,-95.62694549560547,-99.06784057617188,-98.15738677978516,-53.90290832519531,-48.36616134643555,-48.531314849853516,-50.056514739990234,-56.198822021484375,-55.909027099609375,-52.1514778137207,-49.10231399536133,-50.44696807861328,-56.297664642333984,-58.56393051147461,-61.73965835571289,-70.83727264404297,-67.95223999023438,-76.12845611572266
0,-72.01519775390625,-92.01658630371094,-96.87772369384766,-73.79425048828125,-62.34228515625,-73.82522583007812,-90.16141510009766,-92.9135971069336,-98.82274627685547,-104.23287963867188,-107.64551544189453,-106.87106323242188,-111.77852630615234,-89.00865173339844,-50.63278579711914,-42.93558883666992,-45.221248626708984,-47.967918395996094,-50.59392547607422,-48.62326431274414,-47.56317901611328,-46.14167404174805,-45.577308654785156,-46.91840362548828,-54.00980758666992,-52.12323760986328,-58.782066345214844,-65.65925598144531,-71.76200103759766
0,-96.45843505859375,-94.28436279296875,-92.15168762207031,-86.0329818725586,-79.65486145019531,-92.4435806274414,-98.42787170410156,-100.18755340576172,-108.84125518798828,-108.063720703125,-113.64982604980469,-113.61343383789062,-114.76029205322266,-86.87577056884766,-53.07408142089844,-38.14221954345703,-39.141845703125,-47.746490478515625,-46.00395202636719,-43.80207061767578,-42.22259521484375,-43.149742126464844,-47.531585693359375,-57.7601203918457,-62.11795425415039,-68.09432220458984,-75.36568450927734,-81.68426513671875,-86.98159790039062
0,-95.61305236816406,-95.60437774658203,-97.451904296875,-93.93134307861328,-92.315673828125,-95.93546295166016,-104.4293212890625,-114.56062316894531,-114.30963897705078,-109.52800750732422,-114.00582885742188,-110.3551025390625,-117.49520111083984,-92.83872985839844,-64.34468841552734,-57.032901763916016,-46.50759506225586,-48.87306594848633,-51.69073486328125,-54.5509033203125,-61.6236686706543,-65.04814147949219,-70.59902954101562,-72.76725006103516,-81.33611297607422,-83.63590240478516,-91.63282775878906,-93.26998901367188,-95.63854217529297
0,-84.83196258544922,-89.43740844726562,-93.98563385009766,-98.84244537353516,-99.36676788330078,-104.03396606445312,-117.15119934082031,-115.3357925415039,-115.28012084960938,-104.65789031982422,-107.54202270507812,-108.7526626586914,-110.88666534423828,-93.98733520507812,-70.39553833007812,-68.85652160644531,-59.91703414916992,-65.1654052734375,-66.81275177001953,-68.99896240234375,-71.58905792236328,-70.4269790649414,-73.71598052978516,-76.4188232421875,-82.01319122314453,-83.30785369873047,-84.12396240234375,-89.04450988769531,-94.44180297851562
0,-92.14519500732422,-97.69950103759766,-100.69599914550781,-109.53671264648438,-112.04798889160156,-114.6231689453125,-124.89907836914062,-123.06736755371094,-110.12985229492188,-95.50505828857422,-107.76306915283203,-104.19522094726562,-108.1358871459961,-95.57807922363281,-73.94021606445312,-75.40069580078125,-66.41775512695312,-69.51022338867188,-73.68447875976562,-77.2305679321289,-76.08013916015625,-74.10184478759766,-78.35794067382812,-89.24053955078125,-89.4765396118164,-88.60882568359375,-95.02644348144531,-100.89498138427734,-106.0824203491211
0,-97.68392944335938,-94.6922836303711,-101.76304626464844,-113.80325317382812,-122.0555191040039,-121.46949768066406,-124.66162872314453,-126.77435302734375,-125.07440185546875,-120.52115631103516,-124.13956451416016,-106.68991088867188,-116.45773315429688,-96.87024688720703,-82.26005554199219,-78.9960708618164,-66.87293243408203,-67.35820770263672,-72.4996566772461,-76.80943298339844,-76.93952178955078,-79.29389953613281,-85.55799102783203,-93.55632019042969,-94.5034408569336,-98.1514663696289,-99.13202667236328,-99.64054107666016,-103.98983764648438
0,-100.83917999267578,-100.21526336669922,-104.67233276367188,-118.12235260009766,-122.40213775634766,-122.85273742675781,-124.51377868652344,-124.78868865966797,-123.16252899169922,-120.71710205078125,-125.20182800292969,-110.63008117675781,-115.36945343017578,-93.77308654785156,-70.27265167236328,-66.175537109375,-54.42802810668945,-55.16233444213867,-57.37092971801758,-65.00727844238281,-68.59007263183594,-67.19776153564453,-74.90332794189453,-85.99340057373047,-89.29542541503906,-86.6727294921875,-90.28629302978516,-92.431396484375,-98.03999328613281
0,-95.27220153808594,-101.16940307617188,-103.2900161743164,-112.713623046875,-120.65986633300781,-125.20259857177734,-124.3110580444336,-125.89674377441406,-119.62549591064453,-106.14894104003906,-118.21485137939453,-109.49346160888672,-114.00415802001953,-91.64871978759766,-72.33023834228516,-64.82240295410156,-54.18581008911133,-53.26955795288086,-54.8642578125,-63.06441879272461,-64.54483795166016,-62.21469497680664,-67.58638763427734,-77.60457611083984,-78.3246841430664,-81.00798797607422,-92.41961669921875,-97.7640380859375,-102.96900939941406
0,-94.41051483154297,-104.61924743652344,-108.21947479248047,-114.8321533203125,-108.35035705566406,-117.3017349243164,-127.73234558105469,-125.63855743408203,-124.04108428955078,-111.59781646728516,-124.48189544677734,-110.40474700927734,-108.52552795410156,-85.6832504272461,-68.30381774902344,-68.63816833496094,-59.74251174926758,-60.26337432861328,-60.086463928222656,-66.76399230957031,-67.09363555908203,-65.7835464477539,-69.9737777709961,-78.19904327392578,-83.84781646728516,-88.34231567382812,-98.97561645507812,-107.3788070678711,-113.63582611083984
0,-88.54698181152344,-98.03309631347656,-115.20851135253906,-110.40034484863281,-103.63511657714844,-111.62353515625,-135.76844787597656,-122.8299789428711,-120.13307189941406,-112.39918518066406,-124.0261459350586,-107.13105773925781,-110.59510040283203,-80.68733215332031,-67.93545532226562,-61.40098190307617,-64.87132263183594,-57.26577377319336,-61.38969421386719,-65.73738861083984,-63.664939880371094,-51.93863296508789,-58.4482536315918,-76.03536987304688,-79.3045654296875,-89.31559753417969,-92.22688293457031,-95.18876647949219,-103.5111083984375
0,-92.73054504394531,-104.19922637939453,-112.0895767211914,-110.03044891357422,-103.49066162109375,-113.37940216064453,-124.94141387939453,-119.62953186035156,-126.20589447021484,-108.62704467773438,-121.6635971069336,-108.287841796875,-109.8214111328125,-81.84630584716797,-60.44783020019531,-91.12298583984375,-65.16087341308594,-58.02015686035156,-61.7250862121582,-59.97430419921875,-62.663551330566406,-54.904701232910156,-59.29695510864258,-71.14125061035156,-90.83880615234375,-89.68547058105469,-90.35267639160156,-100.87479400634766,-106.05348205566406
0,-94.83346557617188,-102.67622375488281,-101.79638671875,-103.654052734375,-98.98100280761719,-117.49179077148438,-124.61151885986328,-122.28785705566406,-134.62477111816406,-108.82817077636719,-123.34764099121094,-115.7003402709961,-114.2555160522461,-84.10607147216797,-60.20061111450195,-67.21891784667969,-69.9990463256836,-57.412818908691406,-61.143272399902344,-62.841529846191406,-70.5910873413086,-66.58609771728516,-64.70719146728516,-71.31926727294922,-78.07743835449219,-82.31959533691406,-103.99613189697266,-117.63297271728516,-111.4095687866211
0,-97.58917236328125,-103.54542541503906,-98.60417175292969,-116.79679870605469,-95.90721893310547,-109.70970153808594,-125.26432800292969,-126.8143081665039,-121.9527359008789,-108.69932556152344,-122.28240203857422,-116.03172302246094,-115.85662841796875,-86.82869720458984,-63.67611312866211,-63.448387145996094,-64.18791961669922,-58.890071868896484,-68.78082275390625,-71.11156463623047,-77.20883178710938,-78.48084259033203,-67.43602752685547,-80.33895874023438,-72.67767333984375,-92.75955963134766,-91.817138671875,-110.36032104492188,-111.5037612915039
0,-100.25308227539062,-116.96475219726562,-100.52764892578125,-103.55240631103516,-94.18865203857422,-105.17977905273438,-123.48728942871094,-129.7789306640625,-127.87364196777344,-107.78184509277344,-117.24488067626953,-113.80187225341797,-115.12844848632812,-88.95065307617188,-70.2088851928711,-64.51056671142578,-58.255455017089844,-58.348445892333984,-65.10106658935547,-68.01739501953125,-67.38019561767578,-68.24774932861328,-63.592628479003906,-72.1694107055664,-72.22563934326172,-80.30663299560547,-87.43042755126953,-123.83845520019531,-115.30415344238281
