0,-84.89745330810547,-92.75869750976562,-95.65311431884766,-95.0818099975586,-95.19268035888672,-95.60604858398438,-103.07157897949219,-116.6504898071289,-126.94706726074219,-120.47486114501953,-113.1894302368164,-107.86516571044922,-112.7310791015625,-110.51932525634766,-109.5811996459961,-80.57229614257812,-81.97071838378906,-93.77589416503906,-97.72708129882812,-94.49795532226562,-96.76252746582031,-95.24748229980469,-94.38664245605469,-85.95858764648438,-85.33938598632812,-82.66883850097656,-90.208251953125,-90.11087799072266,-88.77532958984375,-87.83419799804688
0,-67.43875122070312,-77.02244567871094,-87.31954193115234,-74.82901763916016,-74.20945739746094,-79.79867553710938,-89.34912109375,-109.09355163574219,-107.7906265258789,-104.6599349975586,-102.75586700439453,-97.19258880615234,-101.28531646728516,-97.27462768554688,-92.57212829589844,-60.42709732055664,-53.84265899658203,-56.24193572998047,-54.7657470703125,-61.452392578125,-63.76198196411133,-58.749515533447266,-54.34282684326172,-52.12807846069336,-54.36806106567383,-59.50196075439453,-61.4405403137207,-64.31968688964844,-70.51972198486328,-68.28242492675781
0,-63.63341522216797,-82.52080535888672,-92.9841079711914,-69.78437805175781,-67.19876861572266,-86.39839935302734,-98.66895294189453,-115.71498107910156,-114.05398559570312,-108.64779663085938,-106.79651641845703,-110.44912719726562,-112.46546936035156,-105.78858184814453,-79.88699340820312,-57.64511489868164,-52.4022331237793,-56.125885009765625,-56.681766510009766,-59.3798942565918,-63.991416931152344,-62.8920783996582,-57.29936599731445,-55.03090286254883,-55.63044738769531,-53.04372787475586,-58.81877899169922,-60.914974212646484,-65.24678802490234,-68.59246826171875
0,-81.57020568847656,-99.82858276367188,-109.19939422607422,-87.51947021484375,-90.70313262939453,-105.29559326171875,-111.1991958618164,-118.1156997680664,-117.26756286621094,-123.12614440917969,-118.03434753417969,-118.8209457397461,-115.42351531982422,-105.14730834960938,-70.38297271728516,-52.56431579589844,-45.68831253051758,-64.15609741210938,-63.78632354736328,-67.1248779296875,-64.77731323242188,-59.98777389526367,-52.026832580566406,-48.28834533691406,-51.87995910644531,-58.079654693603516,-67.94168090820312,-74.11418151855469,-75.05301666259766,-80.31342315673828
0,-93.65837097167969,-105.91656494140625,-113.76487731933594,-111.81160736083984,-113.29554748535156,-113.97534942626953,-115.08617401123047,-124.70126342773438,-114.22532653808594,-114.6929931640625,-118.33011627197266,-118.80867767333984,-120.52241516113281,-110.85076904296875,-70.82072448730469,-54.249874114990234,-43.250728607177734,-55.023902893066406,-53.466426849365234,-52.74245071411133,-58.908958435058594,-53.179237365722656,-46.91646194458008,-44.264556884765625,-52.0498046875,-63.921875,-73.14643096923828,-72.94783020019531,-77.99410247802734,-79.7605209350586
0,-89.62232971191406,-104.94092559814453,-119.58902740478516,-122.95884704589844,-123.7739486694336,-119.38046264648438,-120.44691467285156,-121.99803924560547,-119.8168716430664,-123.69454193115234,-123.92305755615234,-125.4389419555664,-124.09113311767578,-111.68801879882812,-77.1234130859375,-66.03601837158203,-58.45957946777344,-50.34245681762695,-48.44327926635742,-51.402870178222656,-54.862796783447266,-49.80116271972656,-49.737831115722656,-53.64695358276367,-61.04691696166992,-69.31175231933594,-74.23974609375,-74.43795776367188,-80.71520233154297,-81.61109924316406
0,-94.70792388916016,-113.18496704101562,-125.92141723632812,-126.49923706054688,-126.5262680053711,-125.31893157958984,-125.81669616699219,-127.19852447509766,-126.9721450805664,-128.91854858398438,-128.1707763671875,-126.71395111083984,-128.477294921875,-120.07843780517578,-83.35938262939453,-72.98493957519531,-70.05477905273438,-61.7941780090332,-56.457969665527344,-54.38068389892578,-59.140865325927734,-58.461822509765625,-59.002567291259766,-62.785953521728516,-68.94097900390625,-78.23410034179688,-86.31285095214844,-87.2089614868164,-89.57967376708984,-91.83977508544922
0,-106.93721771240234,-124.6199951171875,-128.3212127685547,-127.43635559082031,-125.6314926147461,-122.75048065185547,-128.01698303222656,-128.32156372070312,-128.01072692871094,-128.554443359375,-128.2953643798828,-127.55422973632812,-127.66960906982422,-125.08404541015625,-80.29322052001953,-73.18135070800781,-60.18083572387695,-58.23251724243164,-54.51398849487305,-58.01327896118164,-60.09737777709961,-56.9484748840332,-56.07623291015625,-60.63399124145508,-69.60995483398438,-83.33030700683594,-86.65303802490234,-91.05648803710938,-89.36901092529297,-91.9940414428711
0,-116.95858764648438,-124.3321533203125,-129.09378051757812,-123.92961883544922,-126.40372467041016,-126.19650268554688,-129.65988159179688,-130.4009246826172,-129.15028381347656,-129.7593231201172,-128.53289794921875,-126.08716583251953,-130.8863525390625,-129.03175354003906,-79.69180297851562,-66.82270050048828,-63.71630859375,-67.69576263427734,-66.26615142822266,-67.90264129638672,-69.49449157714844,-67.05879974365234,-62.840572357177734,-57.96097183227539,-61.18809127807617,-76.32587432861328,-80.14227294921875,-81.4189453125,-84.92168426513672,-89.8148422241211
0,-117.91927337646484,-123.8337631225586,-130.82733154296875,-128.6938018798828,-127.43760681152344,-128.90350341796875,-127.55204010009766,-129.42880249023438,-132.2388153076172,-132.09872436523438,-128.98472595214844,-125.600341796875,-128.26307678222656,-120.27928161621094,-81.32344055175781,-70.9530029296875,-71.99594116210938,-63.18196487426758,-58.77143096923828,-61.54644012451172,-69.18829345703125,-65.00773620605469,-60.856117248535156,-60.127830505371094,-63.72138595581055,-73.35031127929688,-77.81598663330078,-83.18583679199219,-87.724853515625,-90.07307434082031
0,-108.62785339355469,-122.0035171508789,-125.6024169921875,-112.06387329101562,-112.43411254882812,-128.0987548828125,-129.85435485839844,-128.5867156982422,-130.2867889404297,-128.34193420410156,-130.34759521484375,-132.73550415039062,-131.46865844726562,-128.03695678710938,-94.0002212524414,-84.46015930175781,-83.43988037109375,-72.11761474609375,-64.15336608886719,-63.96497344970703,-70.59669494628906,-73.0848388671875,-70.95149230957031,-68.70945739746094,-71.41636657714844,-79.99502563476562,-85.65666198730469,-87.13262176513672,-95.28470611572266,-100.42439270019531
0,-100.39920043945312,-115.09530639648438,-122.53945922851562,-105.44478607177734,-105.97130584716797,-127.15275573730469,-129.69569396972656,-121.10126495361328,-120.51699829101562,-127.5071029663086,-127.28919219970703,-132.7845916748047,-131.29110717773438,-134.27191162109375,-92.80137634277344,-83.6949462890625,-76.33504486083984,-61.77175521850586,-65.51056671142578,-57.63703918457031,-62.5609245300293,-69.01524353027344,-77.92037963867188,-70.65626525878906,-64.90973663330078,-72.97909545898438,-87.54154968261719,-90.3804702758789,-109.31693267822266,-101.23143005371094
0,-101.43907165527344,-116.0404281616211,-125.22225952148438,-103.65570831298828,-104.52891540527344,-143.32272338867188,-136.1112518310547,-124.94082641601562,-122.75084686279297,-133.4581756591797,-134.32608032226562,-126.99717712402344,-128.64962768554688,-132.5009765625,-90.29198455810547,-82.48688507080078,-77.09414672851562,-64.68159484863281,-76.84178161621094,-57.673439025878906,-69.38302612304688,-67.39796447753906,-73.39356231689453,-67.57988739013672,-63.59339904785156,-78.92400360107422,-83.95294189453125,-88.41609954833984,-92.49958801269531,-94.57576751708984
0,-102.77940368652344,-121.76544952392578,-128.6261749267578,-103.22258758544922,-105.61898040771484,-123.96627807617188,-130.69760131835938,-127.93377685546875,-124.83541870117188,-130.4409942626953,-133.29733276367188,-128.72048950195312,-125.91629028320312,-149.61753845214844,-88.82742309570312,-77.4381332397461,-79.35948944091797,-69.60992431640625,-69.39114379882812,-58.74040603637695,-70.74512481689453,-69.56439971923828,-66.9964599609375,-62.57297897338867,-67.13597869873047,-92.3543930053711,-84.11719512939453,-88.3273696899414,-90.00713348388672,-91.733154296875
0,-101.39724731445312,-123.92921447753906,-129.21224975585938,-102.98307800292969,-104.91410064697266,-124.61528015136719,-130.35813903808594,-128.71023559570312,-124.63941955566406,-127.64850616455078,-135.91822814941406,-142.38465881347656,-126.94247436523438,-135.54510498046875,-87.86299133300781,-77.78524780273438,-78.6233139038086,-77.48287200927734,-62.790863037109375,-62.03462219238281,-68.50342559814453,-70.84774017333984,-72.47857666015625,-62.95988082885742,-75.22980499267578,-91.95606994628906,-85.46656799316406,-86.7685775756836,-91.43115997314453,-93.2375259399414
0,-99.46946716308594,-122.55545806884766,-126.56043243408203,-102.12153625488281,-102.73345947265625,-137.4921875,-126.38729858398438,-152.34381103515625,-127.9737777709961,-127.37767028808594,-131.68707275390625,-141.9423828125,-127.92904663085938,-130.2673797607422,-87.54151153564453,-81.67741394042969,-82.40939331054688,-90.8378677368164,-60.59025573730469,-64.4370346069336,-72.74729919433594,-74.97293853759766,-81.28916931152344,-68.86329650878906,-71.1801986694336,-78.74359893798828,-88.45281982421875,-89.66554260253906,-92.2418212890625,-99.09672546386719
