0,-94.34871673583984,-115.78681182861328,-122.54769897460938,-103.20197296142578,-91.546142578125,-109.73991394042969,-111.7232894897461,-107.86788177490234,-102.34607696533203,-112.2735366821289,-116.93289184570312,-124.31816101074219,-121.74864959716797,-109.75279998779297,-89.7297134399414,-81.99705505371094,-86.65238952636719,-83.02082061767578,-90.92857360839844,-96.7423324584961,-88.57936096191406,-89.15643310546875,-90.5716323852539,-89.18569946289062,-88.38308715820312,-87.88081359863281,-86.76360321044922,-96.30803680419922,-92.71966552734375,-93.4486312866211
0,-84.03398132324219,-97.1299057006836,-100.17689514160156,-86.88504791259766,-78.26371765136719,-90.9457015991211,-99.840576171875,-98.12261962890625,-92.97431182861328,-95.87458038330078,-103.20795440673828,-112.43807983398438,-102.72745513916016,-100.25923156738281,-64.97421264648438,-55.0431022644043,-53.48788070678711,-55.417213439941406,-55.15033721923828,-60.61625671386719,-53.24090576171875,-51.73019027709961,-53.616607666015625,-58.90163803100586,-60.91873550415039,-61.64155578613281,-66.04741668701172,-70.8591079711914,-74.41349792480469,-81.35248565673828
0,-83.96446990966797,-106.35272979736328,-109.14080047607422,-77.8012924194336,-72.17862701416016,-87.17864227294922,-107.44861602783203,-114.2514877319336,-104.7352294921875,-104.73387908935547,-111.7018051147461,-108.6009521484375,-111.18559265136719,-111.75259399414062,-59.809226989746094,-47.436309814453125,-48.658538818359375,-48.661380767822266,-53.81722640991211,-52.549072265625,-52.38694381713867,-51.01179885864258,-50.90489959716797,-49.0594596862793,-50.471832275390625,-54.42435836791992,-56.40431594848633,-63.04501724243164,-68.82466125488281,-70.43924713134766
0,-108.07522583007812,-114.41280364990234,-112.05919647216797,-94.73245239257812,-94.34030151367188,-101.33670806884766,-108.12271118164062,-111.22278594970703,-110.96532440185547,-108.5008316040039,-115.03473663330078,-113.26728820800781,-115.90557098388672,-116.74034118652344,-53.07450866699219,-40.07558059692383,-49.42335510253906,-56.89128494262695,-60.2509880065918,-58.48838424682617,-51.15830612182617,-50.45295333862305,-51.75212097167969,-44.64281463623047,-58.47959518432617,-68.20199584960938,-72.6180648803711,-76.69564819335938,-89.58751678466797,-90.62998962402344
0,-111.88761138916016,-113.81607818603516,-112.57363891601562,-114.44412994384766,-104.4176025390625,-110.38018798828125,-110.174560546875,-99.48506164550781,-98.90398406982422,-105.08514404296875,-110.77214050292969,-112.39982604980469,-116.59156799316406,-119.10795593261719,-69.62127685546875,-46.860084533691406,-42.371883392333984,-49.19286346435547,-52.301692962646484,-51.12871551513672,-48.351905822753906,-43.75570297241211,-44.4511833190918,-49.19486999511719,-65.46464538574219,-69.79132080078125,-68.99897766113281,-82.15434265136719,-94.5293197631836,-92.78121185302734
0,-109.07051849365234,-120.7305908203125,-120.01875305175781,-121.33333587646484,-113.96749877929688,-116.40498352050781,-116.5888900756836,-113.14163970947266,-115.98430633544922,-120.93986511230469,-118.85743713378906,-122.86073303222656,-121.75863647460938,-124.24030303955078,-82.27100372314453,-60.98111343383789,-49.663272857666016,-49.15086364746094,-52.64384078979492,-47.199424743652344,-44.07960891723633,-45.2442626953125,-51.62253952026367,-58.5239372253418,-70.0376968383789,-75.99556732177734,-80.75104522705078,-94.17735290527344,-97.66860961914062,-100.93768310546875
0,-114.69935607910156,-124.4622573852539,-123.47221374511719,-126.12102508544922,-125.3970947265625,-122.93815612792969,-128.24862670898438,-126.09315490722656,-125.30965423583984,-128.51417541503906,-128.34445190429688,-126.88118743896484,-128.98876953125,-126.01913452148438,-79.79552459716797,-70.29973602294922,-63.765037536621094,-64.35057830810547,-62.7104377746582,-57.216548919677734,-53.84960174560547,-54.26839828491211,-59.23300552368164,-66.00434875488281,-77.54281616210938,-85.57778930664062,-82.06623840332031,-94.40579223632812,-104.72992706298828,-106.4142837524414
0,-122.84667205810547,-124.96354675292969,-128.06857299804688,-126.76921081542969,-125.9807357788086,-127.28028869628906,-129.57382202148438,-129.34620666503906,-125.96514892578125,-126.3820571899414,-128.59791564941406,-126.71097564697266,-127.23178100585938,-129.10015869140625,-82.16484069824219,-65.78024291992188,-60.612125396728516,-58.95603561401367,-63.89601135253906,-55.836463928222656,-50.629234313964844,-51.66618728637695,-54.15098571777344,-61.42515182495117,-74.48526763916016,-83.70006561279297,-87.69441986083984,-95.13066864013672,-97.96713256835938,-103.32839965820312
0,-130.17333984375,-128.71926879882812,-129.56573486328125,-128.5608673095703,-128.22532653808594,-125.3423080444336,-127.87303161621094,-129.29376220703125,-129.00152587890625,-129.96258544921875,-128.0139617919922,-130.60247802734375,-129.0631866455078,-131.1951446533203,-79.13227844238281,-64.74836730957031,-61.11991500854492,-67.95393371582031,-70.30084991455078,-68.22171783447266,-62.800785064697266,-62.96802520751953,-59.89371109008789,-63.224327087402344,-79.22976684570312,-90.53679656982422,-88.32943725585938,-95.3236083984375,-101.49162292480469,-107.5145492553711
0,-125.88473510742188,-128.7608642578125,-128.69935607910156,-126.4443588256836,-126.71749877929688,-126.96983337402344,-129.05137634277344,-129.14723205566406,-127.65275573730469,-127.60369873046875,-129.1248016357422,-131.4918670654297,-129.9082489013672,-128.86810302734375,-79.38614654541016,-68.55699157714844,-61.503807067871094,-66.45025634765625,-68.68075561523438,-62.13100814819336,-63.54071807861328,-63.30214309692383,-63.45138931274414,-70.4049301147461,-89.96261596679688,-95.38494110107422,-91.10684967041016,-101.8541030883789,-107.17456817626953,-114.43122100830078
0,-120.04568481445312,-130.56063842773438,-130.78140258789062,-120.84269714355469,-118.23535919189453,-129.31459045410156,-127.4099349975586,-128.7506561279297,-130.44590759277344,-129.08567810058594,-130.39096069335938,-129.66348266601562,-129.43994140625,-128.7307586669922,-73.83720397949219,-75.11238098144531,-75.11268615722656,-74.67453002929688,-78.03446197509766,-77.30634307861328,-76.58781433105469,-76.20845031738281,-74.06803894042969,-76.98368835449219,-90.70172882080078,-101.64098358154297,-98.7872085571289,-107.35059356689453,-117.81024169921875,-123.55717468261719
0,-128.2442169189453,-128.48825073242188,-142.1040496826172,-110.91828918457031,-105.6119613647461,-121.86378479003906,-129.25282287597656,-135.33102416992188,-133.45741271972656,-134.5297393798828,-132.9242401123047,-129.70556640625,-133.8535919189453,-126.63825225830078,-73.1697769165039,-85.21514892578125,-73.303955078125,-74.76351165771484,-67.02059173583984,-76.14713287353516,-70.38825225830078,-75.88782501220703,-70.3148193359375,-70.92864227294922,-83.85956573486328,-97.41604614257812,-96.85546112060547,-111.04737854003906,-122.59514617919922,-133.05982971191406
0,-121.10874938964844,-125.37284088134766,-137.0176239013672,-109.238525390625,-106.05918884277344,-126.49093627929688,-127.7708511352539,-148.91790771484375,-127.60127258300781,-135.61026000976562,-128.27806091308594,-124.54859924316406,-129.08282470703125,-131.6622772216797,-72.17444610595703,-87.57584381103516,-70.25653076171875,-76.09132385253906,-69.00677490234375,-70.42597961425781,-74.40328979492188,-69.78833770751953,-66.27194213867188,-73.27530670166016,-85.36490631103516,-102.41062927246094,-97.62345123291016,-111.02406311035156,-122.93824005126953,-124.16014099121094
0,-116.61328125,-124.51115417480469,-128.39007568359375,-108.76058959960938,-108.11347961425781,-130.11517333984375,-127.16825866699219,-134.62400817871094,-125.05943298339844,-130.61807250976562,-130.40818786621094,-126.45379638671875,-136.80056762695312,-128.8944549560547,-71.84492492675781,-78.97431182861328,-68.06310272216797,-69.54011535644531,-84.99479675292969,-75.23168182373047,-90.4224853515625,-71.09162139892578,-67.28264617919922,-77.01020812988281,-90.73249053955078,-98.7911376953125,-96.95558166503906,-106.41578674316406,-122.33574676513672,-123.30166625976562
0,-126.29179382324219,-129.22061157226562,-128.1903533935547,-107.9630126953125,-107.87039184570312,-123.99037170410156,-127.81182861328125,-142.77236938476562,-124.14205932617188,-132.1148681640625,-146.3582763671875,-131.4079132080078,-134.13922119140625,-126.34774780273438,-72.30357360839844,-85.92201232910156,-68.9695053100586,-76.49420166015625,-78.21905517578125,-82.12455749511719,-81.7025375366211,-81.08123779296875,-75.86907958984375,-79.79350280761719,-92.28137969970703,-101.97074890136719,-93.60607147216797,-100.6601333618164,-114.52340698242188,-122.96684265136719
0,-118.54203033447266,-133.2804718017578,-129.60520935058594,-108.09632110595703,-108.38868713378906,-123.19945526123047,-128.1007537841797,-129.7043914794922,-127.60803985595703,-134.92276000976562,-139.99000549316406,-134.10940551757812,-146.17190551757812,-128.52587890625,-72.96809387207031,-76.37919616699219,-72.97831726074219,-81.25655364990234,-82.97726440429688,-82.5184326171875,-82.18229675292969,-91.40992736816406,-81.28215789794922,-79.23724365234375,-92.98926544189453,-91.51854705810547,-92.41829681396484,-99.9888687133789,-114.1635513305664,-123.61945343017578
