[[-1.2753214  -0.4543158   0.39141285  0.5705081   0.22098173 -0.39690173
  -0.98587596 -1.1361758  -1.8941374  -2.6919973  -1.3581883  -0.16861576
   0.3143718  -0.635655   -0.82389903 -1.2954181  -0.58425725 -0.6720533
   4.231986    3.462161    1.6941189   0.7500542   0.2983818   0.21438529
   0.04505693 -0.4713188  -0.91985005]
 [-0.08496688  0.18811493 -0.11774448  0.13187742  0.6903446   1.2438257
   1.214126    1.6957761   2.1185553  -3.0857918  -1.1412157  -1.2205971
  -0.46609324  0.14490393  0.40093136  0.57683146 -0.8639952  -0.5542717
  -2.193374   -2.3773205  -0.9505734  -0.23081365 -0.02855276 -0.19374718
   0.47552806  1.1537974   0.9530592 ]
 [ 1.3466206   0.16351865 -0.6337151  -0.835204   -0.6488962  -0.38339713
  -0.47997198 -0.35691288 -0.41001412  5.919455    2.9400816   1.031345
   0.14906548  0.28777498  0.26985073  0.5754169   1.3673435   1.2566754
  -1.907543   -1.1380347  -0.54596907 -0.48892203 -0.5166101  -0.01903005
  -0.2252325  -0.73634076 -0.10053396]]
