[[-100.21172   -95.774086  -90.68261   -89.0801    -88.83013   -89.322815
   -90.16003   -90.55487   -90.709595  -90.72011   -90.880554  -90.741844
   -90.79324   -90.90683   -90.94776 ]
 [ -91.1802    -85.33577   -80.66575   -79.37022   -79.82844   -80.63751
   -80.98417   -81.20027   -81.01398   -80.80242   -80.999626  -81.024445
   -81.01643   -81.23394   -81.583626]
 [ -79.08395   -67.95562   -62.993843  -64.15458   -66.987785  -69.03987
   -70.90476   -72.05742   -72.36094   -72.63013   -72.822945  -73.15523
   -73.35763   -73.44966   -73.65166 ]
 [ -77.236984  -66.09275   -60.338314  -61.258526  -64.95683   -68.072655
   -69.98279   -70.79729   -71.03822   -70.83999   -70.512184  -69.6809
   -69.03481   -68.693855  -68.74177 ]
 [ -74.12657   -62.28937   -56.6013    -57.96652   -63.378212  -68.0243
   -70.07589   -72.64845   -75.26815   -77.13231   -78.186226  -78.39831
   -78.77249   -78.47311   -78.32983 ]
 [ -83.87056   -73.78907   -67.896     -67.08167   -67.763916  -68.500046
   -69.09053   -69.77168   -70.27288   -70.40835   -70.11554   -69.555695
   -69.343155  -69.501076  -69.6358  ]
 [ -91.551346  -83.71863   -78.1622    -76.34666   -75.91388   -75.608986
   -75.45041   -75.23364   -75.26804   -75.17502   -74.99105   -74.77107
   -74.87027   -75.01761   -75.232834]
 [ -96.803856  -89.6232    -84.52356   -82.63412   -82.17227   -81.840004
   -81.35628   -80.97808   -80.64376   -80.11407   -79.63831   -78.97914
   -78.231964  -77.98129   -77.84097 ]
 [ -98.233475  -90.390656  -85.04531   -83.4052    -83.30727   -83.581085
   -83.83286   -83.94358   -83.90792   -83.6303    -83.22699   -82.78473
   -82.63746   -82.79561   -83.25687 ]
 [ -94.04048   -86.48566   -81.92174   -80.76252   -81.40911   -82.52916
   -83.33788   -83.97171   -84.24189   -84.45464   -84.19017   -83.785126
   -83.63721   -84.008545  -84.814445]
 [ -92.45171   -84.78999   -80.191315  -79.09462   -79.777504  -81.25591
   -82.58497   -83.77392   -84.58018   -85.13094   -85.362526  -85.43948
   -85.71141   -86.15319   -86.81997 ]
 [ -92.529785  -84.85858   -80.185646  -79.2493    -80.72442   -82.518036
   -84.33859   -85.09762   -84.82872   -84.65826   -84.61142   -85.16031
   -86.10494   -86.89177   -87.81414 ]
 [ -92.45499   -84.86826   -80.33454   -79.7059    -80.71963   -82.82256
   -83.87089   -84.78998   -84.82358   -84.605316  -84.93441   -85.381805
   -86.46597   -87.39923   -88.00405 ]
 [ -93.06197   -85.550186  -80.90498   -80.071945  -81.6045    -82.78911
   -83.73556   -84.54074   -84.357796  -85.01429   -85.822876  -85.872955
   -86.87106   -87.66886   -87.79149 ]
 [ -93.299866  -85.782166  -81.535225  -80.623634  -81.78516   -83.18258
   -83.83527   -84.23462   -84.572845  -85.12177   -86.245476  -86.56912
   -87.22629   -87.97764   -88.554375]
 [ -92.82477   -85.43283   -81.457405  -80.92426   -81.89455   -83.02782
   -83.51535   -83.81502   -84.01468   -84.936     -86.155914  -86.92542
   -87.465744  -87.53371   -88.28669 ]]
