[[ 6.7190785  5.749405   4.898271   4.3981752  4.545715   4.250362
   4.62258    4.593819   4.5105433  4.8019414  4.934604   4.654275
   4.7649345  4.5840993  4.7827196]
 [ 6.3426447  5.9743686  4.976338   4.2466087  3.8950136  3.661608
   3.548603   3.7683764  3.952059   4.0358315  4.1929927  3.9708438
   4.1756444  4.0451345  4.143473 ]
 [ 8.881951   5.157588   3.6561801  3.8583286  3.6385622  3.6829906
   3.6232057  3.4527335  3.375993   3.6710753  3.9282062  4.2241397
   4.4361873  4.4203453  4.553474 ]
 [10.266568   6.4857264  4.8208814  5.1491847  5.05388    4.875272
   4.541215   4.0592866  4.046182   4.1047893  4.324112   4.5942597
   4.7753487  5.0266337  5.0763025]
 [10.275872   6.8927727  6.261926   6.660937   6.7683783  5.8741336
   5.7151995  5.764828   5.707117   5.624757   5.5803804  5.5678005
   5.8292017  5.9723454  5.7125263]
 [10.235528   8.87328    8.686913   8.665234   8.663433   8.631061
   8.726878   8.895899   9.076898   9.549194   9.42524    9.217574
   9.178993   9.062804   9.03688  ]
 [ 9.536827   9.005516   9.786251   9.975634   9.854874   9.689513
   9.709947   9.855303   9.99058   10.218868   9.957659   9.766824
   9.817954  10.07982   10.275693 ]
 [10.039208  10.513163  11.235495  11.361509  10.964587  10.553844
  10.570183  10.610711  11.060899  11.683933  11.865561  12.317347
  12.736148  12.822996  12.891788 ]
 [12.147703  11.639533  11.663704  11.501645  11.271382  11.079369
  11.14136   11.295046  11.481537  11.648473  11.545891  11.56838
  11.474591  11.776327  11.88506  ]
 [11.575532   9.31215    8.497575   8.52616    8.945981   9.213361
   9.7016115 10.209943  10.48671   10.751121  11.029646  11.096403
  11.156603  11.474159  11.600123 ]
 [12.118231   8.708394   7.605427   7.6499815  7.86131    7.9181285
   7.911916   8.072831   7.9976373  7.8679557  7.822263   7.7070317
   7.316214   7.3736153  7.268844 ]
 [13.779287  11.373405  10.935794  11.419597  12.275191  11.778177
  12.164898  12.1409855 11.716756  11.772244  11.115584  10.858062
  10.940017  10.912328  10.547152 ]
 [13.811027  11.221768  10.17684   10.975646  11.620265  11.837522
  10.979299  11.574796  11.886448  11.640662  11.112523  10.89732
  10.263775  10.680655  10.407654 ]
 [14.1310625 11.4647455  9.791912  10.243429  11.458862  11.503241
  11.732416  11.65957   11.658933  11.778487  11.437044  10.31453
   9.571035  10.3530655  9.981118 ]
 [14.030788  10.9993     9.738     10.268853  10.892887  12.095794
  12.235306  11.650334  11.718852  11.743652  11.695491  10.795265
  10.256034  10.075248  10.204574 ]
 [13.745302  10.608418   9.919692  10.577117  11.20086   12.266197
  12.056102  12.217177  11.58855   11.446221  11.38124   11.085694
  10.422104  10.364197   9.880658 ]]
