[[[-1.3350043  -0.37247798 -1.6791264 ]
  [ 0.7451456  -0.7813917  -0.42331156]
  [ 0.20986374  0.9374514   1.5063084 ]
  [-0.36264747 -0.15142597  0.44223803]
  [-0.17317978 -0.07271989  0.34794092]
  [ 0.510252   -0.2961185   0.13669541]
  [ 1.0076739   0.29762495  0.7475046 ]
  [ 0.21059358 -0.5583911  -1.016763  ]]

 [[-2.0284257   1.1488844   0.7755841 ]
  [ 3.2148778  -0.8416064  -1.8148577 ]
  [ 1.5107404   1.4323221   0.37277725]
  [-1.9349154  -0.44307175 -1.3095821 ]
  [-1.8027848   0.02786727  0.72056234]
  [ 2.1013243   1.0217208   1.0171313 ]
  [ 0.41681033 -1.0336924  -0.46867856]
  [-2.2495286  -1.3561316  -1.2159992 ]]

 [[-0.32661125 -1.1929693   0.49568084]
  [-1.807246    0.02732293  0.5021245 ]
  [-0.731529    1.2853985   0.6767661 ]
  [ 0.11088776  0.27988204  0.76158756]
  [ 3.5049858   0.6392171  -1.2669055 ]
  [-0.21514907  0.11713897 -0.6162536 ]
  [-2.789106   -0.35001403 -0.89064145]
  [ 0.3414771   0.29726842  0.14935152]]]
