0,-90.19505310058594,-101.86044311523438,-119.58562469482422,-97.00723266601562,-89.69432830810547,-97.08926391601562,-101.05516052246094,-115.69039916992188,-115.49073791503906,-115.83013916015625,-112.87814331054688,-109.52537536621094,-116.94265747070312,-99.66236877441406,-77.35562133789062,-80.11965942382812,-88.58042907714844,-98.68082427978516,-93.45928192138672,-90.72419738769531,-91.91304779052734,-85.90748596191406,-88.68289184570312,-89.59545135498047,-84.64627075195312,-87.85459899902344,-89.89950561523438,-94.31194305419922,-95.18717956542969,-96.01671600341797,-100.7614974975586
0,-75.98290252685547,-93.02079772949219,-97.07856750488281,-78.81153869628906,-71.61027526855469,-81.19427490234375,-84.96353149414062,-98.11219024658203,-99.87568664550781,-99.43062591552734,-98.70838165283203,-96.7842025756836,-104.13309478759766,-92.39305114746094,-57.65824508666992,-53.28603744506836,-55.190589904785156,-59.172542572021484,-59.77623748779297,-62.27814483642578,-58.06641387939453,-52.7215576171875,-56.43778991699219,-52.19729995727539,-62.572364807128906,-62.511653900146484,-64.44657897949219,-67.40878295898438,-69.9596939086914,-82.11528778076172,-86.10862731933594
0,-75.17169952392578,-95.71048736572266,-103.35150146484375,-70.01425170898438,-65.18121337890625,-81.80409240722656,-90.66539001464844,-100.00773620605469,-101.38837432861328,-104.60108947753906,-113.43688201904297,-112.37730407714844,-114.5143051147461,-75.72587585449219,-53.37891387939453,-46.65721893310547,-51.21639633178711,-52.43561553955078,-53.4260368347168,-56.131038665771484,-49.92083740234375,-52.49790573120117,-52.0672607421875,-49.25826644897461,-54.698997497558594,-57.654964447021484,-63.57221984863281,-63.00349426269531,-68.8625259399414,-73.00983428955078,-74.38521575927734
0,-97.83741760253906,-111.70967864990234,-113.3322525024414,-88.22603607177734,-86.18153381347656,-102.09852600097656,-112.03610229492188,-108.8815689086914,-119.65204620361328,-112.17548370361328,-115.98381042480469,-109.41497039794922,-110.77410125732422,-69.5282211303711,-47.14799499511719,-46.85014724731445,-60.94399642944336,-55.1397590637207,-58.08530044555664,-59.99785614013672,-51.573646545410156,-52.14073181152344,-53.61444091796875,-52.34132385253906,-64.7320556640625,-65.51354217529297,-75.0199203491211,-77.83263397216797,-85.0248794555664,-86.60836029052734,-90.6837387084961
0,-106.82270050048828,-112.13915252685547,-112.92585754394531,-102.4541244506836,-102.37322235107422,-100.11206817626953,-98.7313003540039,-102.0992660522461,-109.60145568847656,-104.42530059814453,-117.26172637939453,-111.60507202148438,-111.18231201171875,-72.49405670166016,-48.23118209838867,-39.10597610473633,-48.040855407714844,-50.91989517211914,-52.28605270385742,-49.2867431640625,-48.33536148071289,-47.59243392944336,-45.44184875488281,-51.40248107910156,-61.390357971191406,-63.21529006958008,-72.2676010131836,-78.84546661376953,-79.79132843017578,-86.99530029296875,-90.88988494873047
0,-97.56318664550781,-112.83949279785156,-111.10606384277344,-106.32085418701172,-102.32675170898438,-105.33342742919922,-108.49514770507812,-118.42990112304688,-119.97221374511719,-114.57459259033203,-122.8711929321289,-117.25996398925781,-118.51275634765625,-81.2773208618164,-61.48942947387695,-49.29294204711914,-49.72819519042969,-46.037513732910156,-46.889644622802734,-47.725372314453125,-43.714786529541016,-48.831504821777344,-51.50969696044922,-60.62034606933594,-67.57138061523438,-70.49408721923828,-74.61511993408203,-76.9879150390625,-83.69508361816406,-86.85971069335938,-91.19395446777344
0,-106.26984405517578,-121.08114624023438,-120.73096466064453,-116.89413452148438,-112.98966979980469,-116.68256378173828,-119.61691284179688,-121.16646575927734,-123.48126220703125,-124.55091857910156,-123.82229614257812,-128.18939208984375,-124.40544128417969,-88.38565826416016,-68.55182647705078,-58.49678039550781,-56.568443298339844,-56.34531784057617,-57.132286071777344,-56.03266525268555,-53.98054122924805,-56.4622917175293,-58.87008285522461,-65.66338348388672,-74.49601745605469,-77.54448699951172,-81.78569030761719,-87.43099212646484,-90.37003326416016,-95.7310791015625,-97.84722900390625
0,-116.8177490234375,-126.02580261230469,-127.3421859741211,-128.88519287109375,-126.32577514648438,-127.47716522216797,-125.78610229492188,-126.453857421875,-126.70569610595703,-125.96196746826172,-124.22142028808594,-124.42472076416016,-124.28802490234375,-83.77284240722656,-59.30535125732422,-51.28166961669922,-51.648494720458984,-47.46514129638672,-48.63551330566406,-51.59883117675781,-54.00790786743164,-53.126678466796875,-54.8808479309082,-62.525245666503906,-78.03816223144531,-80.652099609375,-86.65049743652344,-88.53594207763672,-89.71388244628906,-91.20501708984375,-94.166748046875
0,-119.26148986816406,-125.81221771240234,-127.5184555053711,-126.31392669677734,-126.09159088134766,-124.50200653076172,-124.77394104003906,-125.73806762695312,-126.88854217529297,-127.28111267089844,-128.57958984375,-128.54095458984375,-127.08856964111328,-94.11941528320312,-69.12877655029297,-57.0526237487793,-59.266822814941406,-57.54462432861328,-58.50863265991211,-61.97019577026367,-63.096336364746094,-63.378074645996094,-61.84702682495117,-64.69621276855469,-75.22069549560547,-77.60210418701172,-79.09051513671875,-83.05158996582031,-86.02191925048828,-94.63908386230469,-99.64897155761719
0,-120.09619903564453,-126.41024780273438,-131.4605712890625,-127.04463958740234,-123.93611145019531,-126.55557250976562,-129.69796752929688,-128.40199279785156,-127.91381072998047,-129.11839294433594,-129.65065002441406,-127.94828796386719,-128.2573699951172,-92.3180160522461,-68.42981719970703,-58.98751449584961,-56.88345718383789,-53.57582473754883,-55.703369140625,-59.50089645385742,-64.48355102539062,-65.01519775390625,-64.55042266845703,-70.52429962158203,-75.5124740600586,-80.61750030517578,-85.74185943603516,-92.21337890625,-97.8875503540039,-102.5399398803711,-103.82208251953125
0,-106.10295104980469,-123.43524169921875,-128.11956787109375,-119.78759002685547,-116.4803237915039,-124.99945831298828,-128.96060180664062,-128.8612823486328,-127.6868667602539,-128.93930053710938,-128.870361328125,-126.8481216430664,-128.71978759765625,-92.1192855834961,-80.43722534179688,-72.11424255371094,-69.44453430175781,-67.44197082519531,-68.53768920898438,-72.79834747314453,-74.30035400390625,-73.66925048828125,-72.31663513183594,-73.23499298095703,-75.76718139648438,-81.020263671875,-88.1158218383789,-96.9344711303711,-102.18437194824219,-110.6910171508789,-115.65740966796875
0,-103.12874603271484,-120.0831527709961,-126.79664611816406,-114.32837677001953,-110.47859191894531,-129.10159301757812,-133.95652770996094,-124.4411849975586,-133.13833618164062,-140.44337463378906,-124.80744934082031,-119.10835266113281,-125.57418823242188,-90.50590515136719,-90.12431335449219,-79.92298889160156,-77.90264129638672,-67.2941665649414,-69.35179138183594,-70.67847442626953,-74.69918823242188,-67.02838897705078,-69.35293579101562,-68.80379486083984,-69.83419036865234,-74.53751373291016,-85.74653625488281,-99.71724700927734,-105.47317504882812,-107.50761413574219,-115.33784484863281
0,-100.3053207397461,-120.83297729492188,-132.84226989746094,-117.79115295410156,-112.67481994628906,-123.87147521972656,-130.8433380126953,-125.29681396484375,-123.52801513671875,-139.45095825195312,-124.89266967773438,-122.65404510498047,-138.55899047851562,-90.81173706054688,-77.39901733398438,-74.2769546508789,-76.03047180175781,-68.0825424194336,-77.17023468017578,-70.74201965332031,-75.79055786132812,-69.93106079101562,-68.42990112304688,-69.0068130493164,-77.26942443847656,-74.6367416381836,-81.97735595703125,-96.45811462402344,-102.55097198486328,-107.65890502929688,-115.8149642944336
0,-98.17991638183594,-119.1903076171875,-133.78741455078125,-119.9013442993164,-121.31501770019531,-118.0854721069336,-129.97450256347656,-152.17202758789062,-121.07329559326172,-130.944580078125,-132.65113830566406,-125.2341537475586,-135.05154418945312,-91.10990905761719,-75.06742858886719,-70.94940948486328,-70.32775115966797,-65.76861572265625,-70.95994567871094,-71.52706146240234,-73.82246398925781,-76.7020034790039,-73.98213195800781,-72.99710083007812,-80.7694091796875,-73.07624053955078,-79.74527740478516,-98.42674255371094,-102.3057632446289,-109.68257904052734,-117.96292114257812
0,-108.70993041992188,-122.79043579101562,-127.68042755126953,-118.34120178222656,-115.65509033203125,-116.880859375,-133.48544311523438,-125.43145751953125,-123.123046875,-127.70840454101562,-141.32186889648438,-122.40373229980469,-134.39785766601562,-91.55226135253906,-81.41638946533203,-70.5204849243164,-66.39469909667969,-70.6153335571289,-68.90092468261719,-69.39588928222656,-73.52782440185547,-79.99119567871094,-75.36222076416016,-78.77838897705078,-75.921875,-78.31224060058594,-82.42423248291016,-98.35479736328125,-105.78311920166016,-120.09497833251953,-127.45942687988281
0,-109.22895812988281,-120.32414245605469,-137.0388946533203,-113.1154556274414,-107.72144317626953,-119.33866882324219,-128.37786865234375,-126.27664184570312,-129.50440979003906,-127.41311645507812,-126.70719146728516,-118.36444854736328,-124.6491928100586,-91.31290435791016,-85.70426177978516,-68.8788070678711,-64.14946746826172,-77.64142608642578,-75.59477233886719,-72.75923156738281,-73.90390014648438,-73.78321838378906,-71.047119140625,-74.69873809814453,-76.37179565429688,-82.72395324707031,-87.94078826904297,-102.57537841796875,-112.84429931640625,-115.53945922851562,-117.16236877441406
