-7.631191253662109375e+01,-7.227769470214843750e+01,-6.740522766113281250e+01,-6.602445220947265625e+01,-6.568796539306640625e+01,-6.554815673828125000e+01,-6.555075073242187500e+01,-6.553536987304687500e+01,-6.549766540527343750e+01,-6.541670227050781250e+01,-6.534967803955078125e+01,-6.540183258056640625e+01,-6.547692108154296875e+01,-6.564887237548828125e+01,-6.599407196044921875e+01
-7.926728057861328125e+01,-7.063979339599609375e+01,-6.471357727050781250e+01,-6.450826263427734375e+01,-6.443741607666015625e+01,-6.439559936523437500e+01,-6.443344116210937500e+01,-6.449298858642578125e+01,-6.455078125000000000e+01,-6.457025909423828125e+01,-6.465823364257812500e+01,-6.485412597656250000e+01,-6.506073760986328125e+01,-6.536193847656250000e+01,-6.578201293945312500e+01
-8.029889678955078125e+01,-7.421778106689453125e+01,-6.718334960937500000e+01,-6.491199493408203125e+01,-6.481819152832031250e+01,-6.515376281738281250e+01,-6.553320312500000000e+01,-6.593009185791015625e+01,-6.626261138916015625e+01,-6.663230895996093750e+01,-6.696974182128906250e+01,-6.716950988769531250e+01,-6.747467803955078125e+01,-6.794906616210937500e+01,-6.845917510986328125e+01
-8.326148223876953125e+01,-7.713548278808593750e+01,-6.959129333496093750e+01,-6.710668945312500000e+01,-6.658279418945312500e+01,-6.642357635498046875e+01,-6.643122100830078125e+01,-6.657164764404296875e+01,-6.681007385253906250e+01,-6.707913970947265625e+01,-6.743569946289062500e+01,-6.779543304443359375e+01,-6.832319641113281250e+01,-6.895038604736328125e+01,-6.960349273681640625e+01
-8.811367034912109375e+01,-8.428617858886718750e+01,-7.811747741699218750e+01,-7.544255065917968750e+01,-7.414282989501953125e+01,-7.325884246826171875e+01,-7.269798278808593750e+01,-7.239833068847656250e+01,-7.234327697753906250e+01,-7.248857116699218750e+01,-7.268885803222656250e+01,-7.304166412353515625e+01,-7.354592132568359375e+01,-7.413596343994140625e+01,-7.482910156250000000e+01
-8.854349517822265625e+01,-8.666676330566406250e+01,-8.239292144775390625e+01,-7.946779632568359375e+01,-7.817826080322265625e+01,-7.739436340332031250e+01,-7.694511413574218750e+01,-7.674139404296875000e+01,-7.668454742431640625e+01,-7.680486297607421875e+01,-7.696983337402343750e+01,-7.723621368408203125e+01,-7.757414245605468750e+01,-7.808236694335937500e+01,-7.870291137695312500e+01
-9.182286071777343750e+01,-9.026438903808593750e+01,-8.660335540771484375e+01,-8.413893890380859375e+01,-8.331796264648437500e+01,-8.293889617919921875e+01,-8.278681945800781250e+01,-8.274636840820312500e+01,-8.278155517578125000e+01,-8.289144134521484375e+01,-8.307077789306640625e+01,-8.331417083740234375e+01,-8.363140869140625000e+01,-8.396336364746093750e+01,-8.445929718017578125e+01
-9.492475128173828125e+01,-9.339014434814453125e+01,-9.012757873535156250e+01,-8.789895629882812500e+01,-8.711341094970703125e+01,-8.676268005371093750e+01,-8.672798156738281250e+01,-8.692292022705078125e+01,-8.724484252929687500e+01,-8.760634613037109375e+01,-8.802680969238281250e+01,-8.846108245849609375e+01,-8.895288085937500000e+01,-8.951093292236328125e+01,-9.014175415039062500e+01
-9.639849853515625000e+01,-9.478633117675781250e+01,-9.176892089843750000e+01,-8.991235351562500000e+01,-8.938980102539062500e+01,-8.912821197509765625e+01,-8.912468719482421875e+01,-8.937331390380859375e+01,-8.982901763916015625e+01,-9.038677978515625000e+01,-9.101549530029296875e+01,-9.164477539062500000e+01,-9.232979583740234375e+01,-9.300317382812500000e+01,-9.370698547363281250e+01
-9.943567657470703125e+01,-9.765779876708984375e+01,-9.478826141357421875e+01,-9.296634674072265625e+01,-9.251150512695312500e+01,-9.221600341796875000e+01,-9.208531188964843750e+01,-9.214000701904296875e+01,-9.229308319091796875e+01,-9.253122711181640625e+01,-9.291133880615234375e+01,-9.338878631591796875e+01,-9.397825622558593750e+01,-9.464849090576171875e+01,-9.533267974853515625e+01
-1.010647506713867188e+02,-9.942770385742187500e+01,-9.709944152832031250e+01,-9.551734924316406250e+01,-9.512933349609375000e+01,-9.499859619140625000e+01,-9.505087280273437500e+01,-9.521724700927734375e+01,-9.540243530273437500e+01,-9.566795349121093750e+01,-9.593795776367187500e+01,-9.636365509033203125e+01,-9.688367462158203125e+01,-9.745085906982421875e+01,-9.803108978271484375e+01
-1.024350891113281250e+02,-1.009646224975585938e+02,-9.886896514892578125e+01,-9.744671630859375000e+01,-9.712631225585937500e+01,-9.706163787841796875e+01,-9.717420959472656250e+01,-9.736830139160156250e+01,-9.758824157714843750e+01,-9.791588592529296875e+01,-9.822254180908203125e+01,-9.863762664794921875e+01,-9.910347747802734375e+01,-9.956008148193359375e+01,-1.001005249023437500e+02
-1.036511383056640625e+02,-1.033616409301757812e+02,-1.031660079956054688e+02,-1.024220962524414062e+02,-1.021491851806640625e+02,-1.020530395507812500e+02,-1.020800094604492188e+02,-1.022246551513671875e+02,-1.023581924438476562e+02,-1.025320205688476562e+02,-1.027514724731445312e+02,-1.031095581054687500e+02,-1.035278778076171875e+02,-1.039384002685546875e+02,-1.043644790649414062e+02
-1.052533264160156250e+02,-1.060022048950195312e+02,-1.079538955688476562e+02,-1.082077407836914062e+02,-1.078708724975585938e+02,-1.077320098876953125e+02,-1.077154617309570312e+02,-1.077504348754882812e+02,-1.077905883789062500e+02,-1.078868026733398438e+02,-1.080560455322265625e+02,-1.082845840454101562e+02,-1.085985031127929688e+02,-1.089672851562500000e+02,-1.093245697021484375e+02
-1.054563140869140625e+02,-1.058019561767578125e+02,-1.066389236450195312e+02,-1.061496276855468750e+02,-1.056259765625000000e+02,-1.054243011474609375e+02,-1.053298263549804688e+02,-1.052856216430664062e+02,-1.053606414794921875e+02,-1.054956130981445312e+02,-1.056702880859375000e+02,-1.059654846191406250e+02,-1.062611465454101562e+02,-1.066035766601562500e+02,-1.069418716430664062e+02
-1.078124542236328125e+02,-1.077419281005859375e+02,-1.075903015136718750e+02,-1.066884384155273438e+02,-1.061874389648437500e+02,-1.060196304321289062e+02,-1.059449157714843750e+02,-1.058674392700195312e+02,-1.059555969238281250e+02,-1.060776977539062500e+02,-1.062476272583007812e+02,-1.065699081420898438e+02,-1.068503723144531250e+02,-1.071765136718750000e+02,-1.074722595214843750e+02
