torch.Size([1, 16, 15])
=========== debugging output results, layer by layer ===========

input shape torch.Size([1, 16, 15])
input tensor([[[-1.1850, -1.4774, -1.1080, -1.2596, -3.0924, -3.5492, -3.5946,
          -3.3703, -4.0364, -5.0473, -4.1083, -3.3133, -1.6251, -0.8243,
          -1.2553],
         [-0.3830, -1.1697, -1.9007, -3.1951, -3.0130, -3.9544, -2.7006,
          -2.6400, -2.1601, -3.2261, -3.1482, -1.8291, -2.7632, -2.5523,
          -2.3805],
         [-0.8825, -2.2291, -5.5887, -8.4832, -7.8281, -7.8623, -7.0550,
          -6.4118, -5.0452, -4.9955, -5.5954, -4.8741, -4.1081, -4.1000,
          -2.1486],
         [-1.0538, -2.9275, -6.1471, -6.8127, -6.3445, -6.9366, -6.3349,
          -6.0495, -5.6743, -4.9255, -5.9363, -5.9972, -5.2052, -4.5089,
          -2.5542],
         [-1.2729, -2.9640, -6.1077, -5.9065, -5.1231, -6.3645, -6.0439,
          -5.3630, -3.6014, -3.7824, -3.7636, -3.7113, -3.4717, -3.0715,
          -0.6877],
         [-1.6395, -2.5811, -4.1613, -4.6125, -4.7468, -4.5140, -4.6010,
          -4.6495, -4.0271, -3.9491, -4.2544, -4.0365, -3.6717, -3.2936,
          -1.5272],
         [-1.2618, -2.1400, -3.1239, -3.6319, -3.8733, -3.7313, -3.8086,
          -4.0196, -3.6127, -3.7403, -3.5708, -3.7145, -3.4145, -2.8157,
          -0.4784],
         [-1.2985, -1.9374, -2.7924, -3.0533, -3.5550, -3.7637, -3.4654,
          -3.3316, -3.0519, -3.2381, -3.5909, -3.4209, -3.1178, -2.4579,
          -0.5868],
         [-1.3930, -2.2409, -3.0274, -3.5119, -3.4973, -3.5468, -3.5487,
          -3.5839, -3.4691, -3.3824, -3.3147, -3.1733, -3.0369, -2.8149,
          -1.0391],
         [-1.5020, -2.4184, -3.6328, -4.0551, -3.6988, -3.6453, -3.4907,
          -3.5292, -3.4801, -3.3506, -3.0003, -2.8437, -2.7354, -2.3073,
          -1.4416],
         [-1.5698, -2.5479, -3.7163, -4.0255, -3.7785, -3.8626, -3.8185,
          -3.7475, -3.4519, -3.3476, -3.0485, -3.0322, -2.5492, -1.9966,
           0.0853],
         [-1.4153, -1.8708, -3.1482, -2.8717, -2.3928, -2.4357, -2.3491,
          -2.3430, -2.5327, -2.7485, -2.5164, -2.8099, -2.7204, -1.4173,
           0.4034],
         [-2.4433, -1.8687, -2.5930, -2.7143, -2.6833, -3.1241, -2.3226,
          -2.1645, -2.0832, -2.3350, -3.1469, -2.3190, -2.2334, -2.1020,
           0.4617],
         [-1.0889, -1.6148, -2.3785, -2.7869, -3.3387, -3.5277, -2.4906,
          -2.3705, -2.2354, -2.5606, -2.8457, -2.2798, -2.3225, -1.8486,
           0.4597],
         [-0.8066, -1.6841, -3.1230, -3.3671, -3.1145, -2.8428, -2.7689,
          -3.0858, -2.9119, -2.8990, -2.9812, -2.6579, -2.3187, -1.5714,
           0.5106],
         [-0.9002, -2.0163, -3.8240, -3.7245, -3.1218, -2.9124, -2.5748,
          -2.6963, -3.8936, -2.7764, -2.6760, -2.3322, -2.1922, -1.5262,
           0.4714]]])

tdnn1out shape torch.Size([1, 8, 13])
tdnn1out tensor([[[  7.6624,  17.0970,  22.7278,  16.6360,  12.1632,  12.6539,  11.8424,
           13.1536,  15.9659,  14.4396,   9.6296,   9.2526,   4.0372],
         [-11.5544, -17.2291, -24.4642, -21.6994, -20.3830, -19.6388, -20.3237,
          -19.6267, -18.8242, -13.9575, -18.1112, -18.6747, -16.4204],
         [-11.3617, -17.8458, -16.5026, -16.0455, -16.1087, -17.8044, -22.6046,
          -18.4185, -15.6463, -15.1168, -15.7628, -15.5836, -15.2015],
         [  2.9755,   8.3467,  -0.4492,  -5.8944,  -6.4833,  -5.0327,  -2.8650,
           -3.1836,  -0.1117,  -2.5958,  -0.9690,  -0.1960,  -0.7812],
         [ -9.5473,  -3.3825,  -2.2714,  -7.3819, -11.3870, -13.4174, -10.1048,
           -8.4914,  -6.9805,  -9.8921,  -9.9361,  -9.4229,  -1.5968],
         [ -6.1519,  -9.7579, -10.2030,  -8.4433,  -9.2441,  -8.7479,  -7.4687,
           -5.8465,  -8.0679,  -8.6996,  -7.2464,  -7.6111, -13.8904],
         [ -0.7621,  -0.4302,  -6.5194,  -5.3970,  -7.5258,  -7.1611,  -5.2958,
           -1.6460,  -3.2897,  -7.2159, -10.0990,  -8.7407,  -8.5862],
         [  7.7055,   7.0913,  11.4742,  13.3060,   9.0802,   9.3530,   9.5343,
            7.7521,   6.6139,   4.1385,   4.1314,  -0.2539,   1.8996]]],
       grad_fn=<ConvolutionBackward0>)


sigmoid1out shape torch.Size([1, 8, 13])
sigmoid1out tensor([[[9.9953e-01, 1.0000e+00, 1.0000e+00, 1.0000e+00, 9.9999e-01,
          1.0000e+00, 9.9999e-01, 1.0000e+00, 1.0000e+00, 1.0000e+00,
          9.9993e-01, 9.9990e-01, 9.8266e-01],
         [9.5941e-06, 3.2924e-08, 2.3731e-11, 3.7676e-10, 1.4053e-09,
          2.9578e-09, 1.4912e-09, 2.9940e-09, 6.6796e-09, 8.6765e-07,
          1.3627e-08, 7.7572e-09, 7.3910e-08],
         [1.1633e-05, 1.7770e-08, 6.8081e-08, 1.0753e-07, 1.0095e-07,
          1.8520e-08, 1.5239e-10, 1.0021e-08, 1.6028e-07, 2.7217e-07,
          1.4266e-07, 1.7065e-07, 2.5008e-07],
         [9.5145e-01, 9.9976e-01, 3.8954e-01, 2.7473e-03, 1.5264e-03,
          6.4792e-03, 5.3910e-02, 3.9787e-02, 4.7210e-01, 6.9410e-02,
          2.7507e-01, 4.5116e-01, 3.1405e-01],
         [7.1392e-05, 3.2847e-02, 9.3516e-02, 6.2201e-04, 1.1342e-05,
          1.4890e-06, 4.0881e-05, 2.0519e-04, 9.2898e-04, 5.0572e-05,
          4.8396e-05, 8.0844e-05, 1.6843e-01],
         [2.1248e-03, 5.7835e-05, 3.7056e-05, 2.1528e-04, 9.6669e-05,
          1.5876e-04, 5.7032e-04, 2.8816e-03, 3.1334e-04, 1.6662e-04,
          7.1220e-04, 4.9468e-04, 9.2787e-07],
         [3.1819e-01, 3.9408e-01, 1.4724e-03, 4.5097e-03, 5.3870e-04,
          7.7562e-04, 4.9878e-03, 1.6165e-01, 3.5925e-02, 7.3428e-04,
          4.1121e-05, 1.5991e-04, 1.8664e-04],
         [9.9955e-01, 9.9917e-01, 9.9999e-01, 1.0000e+00, 9.9989e-01,
          9.9991e-01, 9.9993e-01, 9.9957e-01, 9.9866e-01, 9.8430e-01,
          9.8419e-01, 4.3686e-01, 8.6984e-01]]], grad_fn=<SigmoidBackward0>)


tdnn2out shape torch.Size([1, 3, 9])
tdnn2out tensor([[[-1.2495, -0.9322,  1.3692,  1.9253,  2.8523,  2.0073,  1.7522,
           1.7860,  0.7433],
         [ 0.7617,  0.3386,  3.9209,  5.6260,  6.3376,  5.6295,  5.7371,
           4.4401,  4.2639],
         [ 5.4070,  4.6934,  1.8980,  0.3629,  0.9533,  0.3164,  2.2428,
           0.9351,  3.1243]]], grad_fn=<ConvolutionBackward0>)


sigmoid2out shape torch.Size([1, 3, 9])
sigmoid2out tensor([[[0.2228, 0.2825, 0.7973, 0.8727, 0.9454, 0.8816, 0.8522, 0.8564,
          0.6777],
         [0.6817, 0.5838, 0.9806, 0.9964, 0.9982, 0.9964, 0.9968, 0.9883,
          0.9861],
         [0.9955, 0.9909, 0.8697, 0.5897, 0.7218, 0.5784, 0.9040, 0.7181,
          0.9579]]], grad_fn=<SigmoidBackward0>)


flattened shape torch.Size([1, 27])
flattened tensor([[0.2228, 0.2825, 0.7973, 0.8727, 0.9454, 0.8816, 0.8522, 0.8564, 0.6777,
         0.6817, 0.5838, 0.9806, 0.9964, 0.9982, 0.9964, 0.9968, 0.9883, 0.9861,
         0.9955, 0.9909, 0.8697, 0.5897, 0.7218, 0.5784, 0.9040, 0.7181, 0.9579]],
       grad_fn=<ReshapeAliasBackward0>)


densed shape torch.Size([1, 3])
densed (final output) tensor([[ 0.0449, -8.5965, -0.8066]], grad_fn=<AddmmBackward0>)

model actual output:
tensor([[ 0.0449, -8.5965, -0.8066]], grad_fn=<AddmmBackward0>)
